.Random.seed <-
c(403L, 118L, -856624423L, 1247490476L, -878958692L, -942660285L, 
592399988L, -1070165500L, -522678596L, 2059461730L, 704873372L, 
152518626L, 1232790964L, -1491231286L, 1776187210L, 1292074566L, 
-458883527L, -40124086L, -213137096L, -844413130L, 1076327567L, 
-244301275L, -956240917L, 310773381L, 2091064061L, 848957718L, 
-1929585546L, -1718739658L, 357806848L, 191260879L, 1897340071L, 
-2120599195L, -958266455L, -430253307L, -882992278L, -785407460L, 
-121169584L, -895554972L, 1776386504L, -332025184L, -1634297861L, 
-569511393L, -1881273753L, -2061597797L, -2087332044L, 1628179781L, 
387536251L, -202079407L, 142651076L, 1568611900L, -1314283476L, 
303808801L, -1267190467L, -1147802993L, 684022214L, -905556505L, 
1282050820L, 1896839059L, 1115108948L, 1993022576L, 231340192L, 
-1004637580L, 174103020L, -14418026L, 194217516L, 2074213072L, 
1062748615L, 963520675L, -953765642L, 266674010L, 1785770162L, 
592545632L, 1538939076L, -1744933513L, 205837623L, -390447013L, 
1834786338L, -1005500160L, -812937789L, 1342740552L, -373256683L, 
-1493274222L, 1313246901L, 1611304857L, 458074828L, 1594345784L, 
2075289570L, 1048102373L, 595679432L, 1029219557L, -9047878L, 
2001598871L, 1192834855L, -1883347701L, -1363016599L, -9619892L, 
656185580L, -1451032453L, -1264299495L, 1263763247L, -1459365976L, 
385647835L, -303159494L, 2119566795L, 1924017794L, 1554620784L, 
1452338546L, 1356072508L, -2094566248L, -1561923471L, 1554028466L, 
-2056660974L, 1466117914L, 1291370640L, -2116472302L, -24068164L, 
2084298809L, 1750610985L, -1430291197L, -754464883L, 1125387012L, 
2054214361L, 230935877L, -964894284L, 1517852816L, -1076619262L, 
1248141987L, -879047175L, 360343920L, -263365521L, -323187796L, 
-1532809254L, -1112615556L, -1547331057L, 836536654L, 1698926313L, 
-1358232271L, -15827227L, -571394783L, -529014340L, 1013100562L, 
-344185552L, 27135872L, 1570611321L, 1923298564L, 1929980931L, 
-412827471L, 1736276880L, -572918811L, -1026480249L, 426263307L, 
-588560508L, -1388825236L, -1472979517L, 1792175965L, 1223758528L, 
64020832L, 1597531199L, 1999630577L, 2144237982L, -2005643380L, 
539815762L, -1672892231L, -719425058L, -758102586L, 338303332L, 
-1344343816L, 342133221L, -1390523190L, -759250696L, 1844932156L, 
-361117087L, -837719256L, -1199466597L, -1765230553L, 1359390978L, 
1810281503L, -759908871L, -1814446023L, 1889689343L, -423720085L, 
20503479L, -149993244L, 609118426L, -653308629L, -1571017050L, 
-1530063775L, -1767217040L, 1831351749L, 2045457307L, -1492279370L, 
-1130058362L, -2053305355L, 1911859943L, -1933100199L, -1545185259L, 
-1852956769L, 172471817L, 1462638454L, -1769420684L, -1124843137L, 
816025840L, -1818604647L, -221658237L, -1627015333L, -1895213947L, 
-1233010393L, -269022240L, 1070252540L, 1225201815L, 401449425L, 
1041784571L, -443115979L, 345388957L, 1949285866L, -24629063L, 
1800349337L, 1578825968L, 1523393500L, -73793957L, -1570908210L, 
513879780L, -595108589L, -1706093533L, -1580834878L, 1920501101L, 
-2130467056L, -1752682269L, 630072815L, -1510852950L, -230728843L, 
2067432244L, -1971308588L, -93378958L, -1958035724L, 21545315L, 
-1869368439L, -281156451L, -1170475340L, 225091312L, 1700336894L, 
-2084568986L, -1592867764L, 1620680131L, 747018819L, -1855353334L, 
1445415359L, -996045693L, -602267807L, 829697722L, -1588930594L, 
1971824923L, -282330956L, -532136949L, 1770550831L, 542934139L, 
1694029570L, -1348837518L, 1942663742L, -1973507961L, 1942856036L, 
-336439869L, 542504681L, -166167149L, 814005289L, -855098635L, 
-1241587961L, 175597544L, 691154506L, 1460157986L, 466585791L, 
2042087115L, -212336110L, -2104346460L, -732542214L, -798358352L, 
624318942L, 25876739L, 1188839218L, -2101775962L, 1372309216L, 
2079218812L, 984729010L, 4645579L, -1682995763L, -400422838L, 
-140668639L, -183934603L, -1270281678L, 1281560511L, 1311607618L, 
345419031L, -1990148055L, -24677304L, 1722525071L, 454749318L, 
290873700L, 1898305188L, -1433229250L, -1821522851L, 1695715440L, 
2132775099L, -1953233821L, 56909486L, 2076842536L, -697876164L, 
40814885L, 150824445L, 2130740427L, -1016163818L, 553977625L, 
-474985076L, 1795819024L, 1534930264L, 953153925L, 807654956L, 
-161485786L, 1950467645L, 152655341L, 1331839112L, -1728986660L, 
-59302714L, -1642146515L, 1694995781L, 1043170117L, 1882583239L, 
1080212936L, -2031346567L, -206801793L, -647103414L, -1176682305L, 
-351107746L, -101663276L, 652123981L, 59852669L, 247549645L, 
1436017315L, 600692695L, 964202176L, -1969835581L, 1716510216L, 
-2079699666L, 1738650232L, 663256112L, -1086720910L, 1990114512L, 
-425792196L, 250335306L, -954305081L, 1050375151L, -169513779L, 
1300720607L, 656884987L, -1881135864L, -787992905L, -1675924116L, 
-1143159119L, -502384383L, 122665974L, -1040231608L, 196490430L, 
-122116673L, 1919155953L, -930109453L, -578148359L, 1869827786L, 
1544573569L, -223645692L, -1516144334L, -2018514881L, -129282305L, 
1049425175L, 2033433247L, -1538604849L, -1619283978L, -444829395L, 
1670180157L, -1756527187L, 271623091L, 1245895987L, -757473878L, 
561714650L, -645038740L, -1379187031L, -2084848752L, -909627375L, 
-1413553857L, 1156514161L, 1926002686L, -630407830L, 2146079180L, 
590013125L, 1074947345L, 1183038768L, 1090996124L, -1841929274L, 
-958619886L, -2066968299L, 1578920290L, -170714543L, -988635464L, 
1196014839L, 538663675L, 937847780L, 132685160L, 1746673690L, 
1906883233L, 1002824656L, 351065712L, -324311611L, -1262668777L, 
171051647L, -1780817103L, 1811595145L, 1956378204L, -690939271L, 
365752898L, -2041463474L, 1912402901L, -1146032957L, -273095153L, 
1859104499L, -488018044L, 1964826446L, 995086714L, 1280232785L, 
2067235603L, 414502033L, -1039053358L, -2070828892L, -57442456L, 
-1013706754L, 989668620L, -299820315L, -2066666548L, -288821431L, 
-890519221L, -1233339421L, 1815838628L, 1620452624L, 1841692774L, 
775507631L, -1333053294L, 379204314L, -261837572L, -1006156692L, 
-939476262L, -995205884L, 445261182L, -92461027L, 677658534L, 
993708583L, 324951257L, -838902682L, 78712667L, -1033057154L, 
-2055871961L, -851293391L, 1552644167L, -523748924L, -1707664043L, 
1091345867L, 828531142L, -1982372621L, 332239472L, 264127619L, 
-1238166881L, -410920440L, 1752076832L, 1385224143L, 1585001028L, 
-2083433751L, -2061032576L, -376539712L, 1037942971L, 1691847110L, 
-1008628386L, -784206694L, 797893441L, 764802911L, -774549308L, 
1323394315L, -485157703L, -1475950427L, 1225853737L, -1700328591L, 
392640355L, 2052750375L, -685270628L, 264333051L, -1806710598L, 
954528167L, -1755876710L, -1423818031L, -1094843443L, -180359926L, 
-412099623L, -762786534L, 24462539L, 1828152566L, -859136813L, 
831714567L, 1230953099L, 1424293646L, 13606491L, 2012920365L, 
-1756535994L, 2143756629L, 1492997949L, 1391135141L, -520702264L, 
-1150039161L, 1660425507L, 1730526090L, -1516858732L, -1939228365L, 
1919286012L, 572670455L, 863869353L, -1445070678L, -557009054L, 
512624092L, -887081204L, -1581255763L, 1186830317L, 733911507L, 
969172802L, -902603231L, -1307063896L, 1852704646L, 733138326L, 
459262014L, 1264586668L, -262480951L, -451316704L, 1814808685L, 
-1136375367L, -445836041L, -44497201L, 1706098348L, -230498660L, 
1194645125L, -974697434L, -1502470047L, 287670098L, 837870215L, 
1063810628L, -1647907585L, 925815557L, 1847992208L, 1198938959L, 
-1629579513L, 784316983L, 601080985L, 1797452917L, 1686463952L, 
-2146167169L, -1996236138L, -1003048998L, -119232532L, -1972348494L, 
-2017113830L, -1098005807L, 866870183L, 196600857L, -933911968L, 
351980517L, -1363146798L, -1903971248L, 1072635357L, -1637823203L, 
-1395920282L, 409801611L, 759608963L, 1814670291L, 742491892L, 
1387210649L, -2099402808L, -595229199L, -1955143308L, 615475487L, 
-1727871964L, -486377800L, 1133297254L, 794404842L, -2070020999L, 
-897418944L, -1790786547L, 1357842080L, -1954072566L, -632355887L, 
-1681382725L, -2079248858L, -2063921530L, -860664511L, -105899524L, 
566508825L, -872678256L, 205497987L, 1962091989L, -1239100262L, 
